5 0.219246 0.335813 0.187169 0.181548
8 0.214782 0.151455 0.178241 0.187169
10 0.401124 0.142361 0.194444 0.187500
7 0.769345 0.515212 0.187500 0.189153
7 0.223214 0.516204 0.187169 0.179233
3 0.231812 0.871032 0.182540 0.181217
0 0.582507 0.871528 0.180225 0.174272
0 0.583499 0.692626 0.178241 0.183532
11 0.767361 0.141038 0.185516 0.182209
11 0.768849 0.325893 0.182540 0.187500
11 0.586475 0.509755 0.182209 0.180225
4 0.229332 0.695602 0.185516 0.175595
4 0.406581 0.516700 0.175595 0.180225
4 0.586475 0.140377 0.174272 0.193452
