2 0.783730 0.426091 0.198413 0.193452
2 0.194279 0.643849 0.205357 0.198413
2 0.185516 0.442956 0.206349 0.199405
1 0.195271 0.845073 0.201389 0.197421
14 0.183532 0.242560 0.204365 0.197421
12 0.790509 0.625496 0.193452 0.191468
13 0.782242 0.228175 0.193452 0.192460
10 0.791997 0.823413 0.202381 0.194444
8 0.590112 0.629464 0.199405 0.191468
3 0.585317 0.432540 0.198413 0.192460
3 0.389220 0.435020 0.198413 0.193452
4 0.578869 0.233135 0.199405 0.196429
4 0.384425 0.236607 0.193452 0.195437
4 0.395668 0.634425 0.193452 0.195437
4 0.398644 0.836806 0.199405 0.199405
4 0.592593 0.829365 0.192460 0.196429
