4 0.534888 0.435681 0.171627 0.168320
4 0.367394 0.442130 0.163360 0.161376
4 0.205688 0.281746 0.152116 0.153439
4 0.541832 0.788856 0.179563 0.185516
4 0.202546 0.616402 0.160384 0.165344
8 0.709160 0.259094 0.179563 0.174272
8 0.724868 0.789352 0.188492 0.186508
5 0.367890 0.789352 0.168320 0.176587
13 0.202050 0.788194 0.161376 0.170304
12 0.712302 0.435681 0.183201 0.172288
14 0.368386 0.273313 0.167328 0.162368
15 0.533234 0.265212 0.172288 0.170635
3 0.717262 0.608466 0.187169 0.173280
1 0.540344 0.608962 0.178571 0.176257
9 0.367890 0.612434 0.168320 0.173280
10 0.205688 0.445602 0.158069 0.170304
