4 0.202712 0.163525 0.192460 0.185516
4 0.645668 0.347388 0.176257 0.182209
4 0.646164 0.805886 0.167328 0.163360
4 0.433036 0.810847 0.174272 0.169312
4 0.190146 0.622354 0.189153 0.171296
14 0.437665 0.632937 0.173611 0.180556
12 0.862930 0.799934 0.158399 0.153439
8 0.873181 0.627480 0.162368 0.173611
8 0.869213 0.342427 0.166336 0.178241
13 0.208168 0.356978 0.193452 0.189484
5 0.430721 0.351852 0.183532 0.183201
9 0.426587 0.164517 0.185185 0.189484
1 0.647156 0.164021 0.175265 0.182540
3 0.876653 0.163029 0.171296 0.182540
15 0.647652 0.633433 0.168320 0.177579
10 0.190642 0.801422 0.186177 0.178241
