1 0.878803 0.649678 0.174934 0.142609
1 0.709325 0.790179 0.183201 0.148810
15 0.350364 0.800099 0.187500 0.149802
15 0.680556 0.251736 0.180556 0.138393
5 0.863757 0.380952 0.177910 0.140377
5 0.702381 0.655382 0.180556 0.145585
0 0.530919 0.795883 0.184854 0.143849
0 0.165675 0.809772 0.181878 0.150794
6 0.149306 0.537450 0.184854 0.149802
6 0.524802 0.659970 0.183201 0.140377
9 0.513062 0.529266 0.168320 0.135417
9 0.870536 0.517361 0.177579 0.132440
8 0.344907 0.665179 0.187169 0.138393
14 0.507606 0.391369 0.181878 0.138393
13 0.327712 0.393973 0.183201 0.143601
12 0.333168 0.527282 0.174934 0.135417
4 0.156746 0.672371 0.183201 0.138393
4 0.888558 0.784102 0.183201 0.142609
4 0.692130 0.522073 0.181878 0.139385
4 0.688657 0.386161 0.177579 0.138393
4 0.141038 0.399058 0.187500 0.141369
4 0.857474 0.249256 0.181878 0.137401
