0 0.155423 0.135086 0.218915 0.219907
1 0.376819 0.138558 0.225860 0.220238
2 0.603671 0.135086 0.225860 0.219907
3 0.825397 0.137897 0.222222 0.223545
2 0.153274 0.359623 0.223214 0.224537
4 0.376157 0.359623 0.227183 0.224537
5 0.601356 0.357970 0.225860 0.221230
6 0.824901 0.360780 0.223214 0.222222
4 0.151124 0.583664 0.218915 0.223545
7 0.373347 0.582672 0.223545 0.218915
8 0.600694 0.582176 0.229167 0.224537
3 0.822751 0.583168 0.218915 0.219907
5 0.150463 0.806713 0.217593 0.224537
4 0.371693 0.807209 0.222222 0.223545
9 0.593915 0.806217 0.222222 0.223545
4 0.817956 0.807870 0.225860 0.224868
