4 0.135582 0.627480 0.134259 0.139220
4 0.406085 0.352017 0.132275 0.137235
4 0.683201 0.349868 0.145503 0.139550
4 0.544808 0.487765 0.135251 0.136243
4 0.678075 0.623016 0.137235 0.136243
4 0.815807 0.760747 0.136243 0.129299
8 0.817460 0.489253 0.139550 0.137235
14 0.543320 0.351521 0.138228 0.138228
12 0.679067 0.487765 0.137235 0.136243
13 0.678075 0.760251 0.135251 0.132275
5 0.406581 0.758267 0.133267 0.136243
5 0.541336 0.623016 0.136243 0.138228
9 0.540344 0.760251 0.136243 0.136243
9 0.822090 0.349372 0.134259 0.140542
6 0.407077 0.623016 0.138228 0.136243
6 0.813823 0.624504 0.136243 0.137235
0 0.272321 0.488757 0.139220 0.136243
0 0.271329 0.351521 0.137235 0.136243
15 0.272321 0.624504 0.137235 0.137235
15 0.137070 0.490245 0.135251 0.139220
1 0.409061 0.487765 0.136243 0.138228
1 0.134590 0.352017 0.136243 0.137235
