4 0.882606 0.154927 0.173280 0.168320
4 0.381118 0.132440 0.180225 0.169643
4 0.120040 0.125827 0.181217 0.166336
4 0.391038 0.753638 0.170304 0.163360
4 0.145172 0.754134 0.173280 0.160384
3 0.622024 0.150959 0.175265 0.172288
3 0.616567 0.757771 0.172288 0.171627
1 0.128968 0.301918 0.179233 0.173280
8 0.864418 0.744213 0.171296 0.164352
10 0.141038 0.585813 0.173611 0.170304
14 0.380126 0.308862 0.174272 0.181217
12 0.862434 0.577877 0.171296 0.166336
13 0.388558 0.584821 0.173280 0.164352
2 0.618056 0.586310 0.165344 0.171296
2 0.882110 0.330853 0.170304 0.175595
2 0.624504 0.327877 0.174272 0.175595
