11 0.194114 0.266700 0.177249 0.181548
11 0.749835 0.441138 0.184193 0.183201
11 0.751323 0.625992 0.187169 0.184524
10 0.750827 0.809854 0.186177 0.183201
9 0.748677 0.253803 0.192460 0.187500
6 0.196594 0.448578 0.180225 0.180225
4 0.200066 0.631448 0.173280 0.179563
4 0.203704 0.811839 0.172619 0.179233
5 0.562831 0.811839 0.179233 0.183201
5 0.378968 0.446594 0.182540 0.180225
5 0.560847 0.257771 0.183201 0.183532
7 0.383102 0.811839 0.184193 0.181217
7 0.380456 0.629960 0.185516 0.182540
7 0.563492 0.628472 0.182540 0.181548
7 0.563492 0.446098 0.186508 0.179233
7 0.375000 0.264220 0.184524 0.180556
