4 0.607639 0.362930 0.218585 0.217262
11 0.821925 0.149967 0.212632 0.206680
11 0.619544 0.815311 0.234458 0.234458
3 0.833995 0.582341 0.226190 0.221561
3 0.611111 0.584325 0.221561 0.219577
9 0.386574 0.366898 0.229497 0.219246
0 0.384094 0.817295 0.234458 0.234458
0 0.155589 0.821759 0.222553 0.225529
5 0.844081 0.811343 0.220569 0.228505
5 0.386574 0.587798 0.233466 0.222553
5 0.160053 0.591766 0.217593 0.228505
5 0.162533 0.366898 0.222553 0.221230
5 0.385086 0.149967 0.224537 0.210648
5 0.164683 0.149471 0.216270 0.209656
7 0.607474 0.147983 0.220238 0.212632
10 0.826389 0.362434 0.219577 0.216270
