4 0.254299 0.683532 0.175265 0.183201
4 0.435185 0.305225 0.184524 0.186508
4 0.621032 0.119874 0.187169 0.184193
0 0.438161 0.120370 0.180556 0.181217
6 0.251323 0.306217 0.183201 0.186508
10 0.437169 0.685185 0.188492 0.186508
10 0.623016 0.678075 0.183201 0.192130
5 0.623016 0.860946 0.183201 0.173611
7 0.808366 0.854993 0.187500 0.185516
7 0.805886 0.307705 0.184524 0.187500
11 0.806382 0.123347 0.185516 0.181217
11 0.620536 0.305225 0.188161 0.184524
11 0.621693 0.489749 0.190476 0.184524
11 0.808532 0.673115 0.183201 0.182209
