0 0.118056 0.285714 0.169312 0.171296
0 0.760417 0.449570 0.149140 0.152447
6 0.904597 0.752811 0.141204 0.149140
4 0.610615 0.608962 0.148479 0.154431
4 0.123016 0.781250 0.173280 0.170304
7 0.455688 0.451554 0.161376 0.160384
10 0.457176 0.609458 0.164352 0.157407
5 0.760913 0.761243 0.146164 0.154101
5 0.291832 0.612930 0.164352 0.164352
5 0.291832 0.452050 0.164352 0.157407
5 0.759921 0.294147 0.148148 0.160384
5 0.907077 0.301422 0.142196 0.158399
15 0.288360 0.289683 0.165344 0.173280
11 0.450728 0.290675 0.163360 0.167328
11 0.609127 0.296296 0.153439 0.156085
11 0.611607 0.452546 0.148479 0.156415
11 0.760417 0.603009 0.149140 0.156415
11 0.611607 0.764881 0.148479 0.161376
11 0.455192 0.769345 0.164352 0.152447
11 0.291832 0.775298 0.162368 0.164352
