4 0.104993 0.423115 0.195437 0.181548
4 0.489914 0.612434 0.189484 0.187169
4 0.677745 0.791336 0.186177 0.188492
3 0.868056 0.790840 0.194444 0.189484
0 0.872024 0.423115 0.186508 0.189484
0 0.679563 0.424107 0.198413 0.191468
7 0.488757 0.798280 0.189153 0.188492
7 0.486276 0.229663 0.194114 0.197421
5 0.303406 0.795800 0.185516 0.185516
8 0.121032 0.796296 0.179233 0.186508
10 0.113426 0.608962 0.188492 0.188161
11 0.482804 0.423115 0.191138 0.183532
11 0.291005 0.229663 0.194444 0.187500
11 0.103505 0.233135 0.180556 0.194444
