12 0.461640 0.271164 0.153439 0.148148
14 0.466766 0.423611 0.155093 0.150132
2 0.322421 0.728671 0.151455 0.149140
10 0.757937 0.268684 0.142196 0.151124
11 0.758929 0.707011 0.140212 0.136243
1 0.612103 0.271164 0.149471 0.150132
8 0.458168 0.113426 0.156415 0.163360
0 0.611442 0.116898 0.146164 0.158399
6 0.305886 0.266204 0.158069 0.156085
6 0.616567 0.569279 0.146495 0.141204
9 0.318452 0.577877 0.159392 0.142526
9 0.621032 0.854993 0.143519 0.137235
15 0.475694 0.863426 0.141204 0.138228
7 0.760913 0.563823 0.142196 0.144180
5 0.618552 0.713128 0.146495 0.140542
5 0.615079 0.422619 0.145503 0.148148
4 0.300265 0.108466 0.161376 0.159392
4 0.310020 0.426091 0.158399 0.155093
4 0.759425 0.418651 0.145172 0.140212
4 0.469246 0.573743 0.148148 0.140212
4 0.472718 0.718750 0.151124 0.141204
4 0.327381 0.876488 0.149471 0.144511
