8 0.286872 0.131944 0.142526 0.158069
4 0.431217 0.121362 0.144180 0.155423
4 0.580026 0.114418 0.149471 0.157407
4 0.743882 0.405589 0.156415 0.162368
4 0.291832 0.420966 0.144511 0.149471
4 0.297950 0.876488 0.144180 0.152447
4 0.446098 0.876984 0.148148 0.157407
5 0.603009 0.879464 0.155093 0.158399
5 0.760747 0.876488 0.164352 0.162368
12 0.289848 0.277778 0.144511 0.143519
14 0.296296 0.722222 0.149471 0.154101
13 0.294312 0.570933 0.147487 0.152447
0 0.439153 0.568452 0.146164 0.153439
0 0.591931 0.565311 0.151455 0.153108
6 0.444610 0.720569 0.149140 0.155423
6 0.596892 0.721065 0.153439 0.158399
9 0.756779 0.716601 0.162368 0.159392
9 0.753803 0.561343 0.162368 0.149140
15 0.438161 0.418981 0.148148 0.155423
15 0.586971 0.263724 0.151455 0.151124
1 0.586971 0.415013 0.151455 0.155423
1 0.433201 0.270337 0.144180 0.154431
