4 0.212136 0.207011 0.205357 0.204365
4 0.626653 0.210483 0.204365 0.203373
4 0.834491 0.207507 0.209325 0.209325
4 0.823578 0.835813 0.207341 0.199405
4 0.208664 0.821925 0.200397 0.203373
3 0.413029 0.825893 0.202381 0.201389
8 0.616402 0.831845 0.202381 0.207341
10 0.826058 0.630456 0.202381 0.211310
1 0.830522 0.417493 0.205357 0.210648
3 0.417989 0.206019 0.204365 0.204365
12 0.619544 0.625992 0.202712 0.202381
13 0.211640 0.618056 0.200397 0.206349
14 0.213624 0.413029 0.202381 0.207672
2 0.416501 0.621528 0.201389 0.205357
2 0.621197 0.420635 0.199405 0.206349
2 0.416997 0.413029 0.206349 0.209656
