4 0.126488 0.252149 0.144511 0.148479
4 0.578869 0.236607 0.145172 0.145172
4 0.720734 0.232143 0.146495 0.146164
4 0.729167 0.378472 0.153439 0.146495
4 0.738757 0.525298 0.156085 0.143188
4 0.589451 0.532738 0.150463 0.148148
14 0.866071 0.226190 0.148148 0.144180
15 0.876488 0.372354 0.141204 0.144180
9 0.887070 0.521329 0.142526 0.143188
6 0.278770 0.247189 0.148148 0.146495
9 0.581515 0.384921 0.146495 0.147487
6 0.745866 0.675099 0.154431 0.148479
5 0.597057 0.680556 0.147156 0.147487
5 0.432705 0.391038 0.153108 0.145172
7 0.302414 0.697586 0.149140 0.151124
11 0.452712 0.690146 0.143519 0.148148
8 0.137566 0.553241 0.150132 0.151455
12 0.291336 0.546296 0.149471 0.147487
2 0.441138 0.538856 0.150132 0.146495
1 0.280919 0.394511 0.154431 0.150132
10 0.431548 0.239583 0.153439 0.147156
0 0.129464 0.401455 0.150463 0.150132
