1 0.468254 0.544312 0.150132 0.149471
1 0.614583 0.696594 0.148479 0.151124
15 0.464782 0.695602 0.147156 0.147156
15 0.615575 0.545800 0.152447 0.150463
8 0.760417 0.844411 0.147156 0.150463
12 0.762401 0.697090 0.149140 0.140212
13 0.764385 0.400463 0.149140 0.142196
14 0.764881 0.252646 0.148148 0.151455
5 0.321925 0.104828 0.152447 0.148148
5 0.473214 0.103340 0.154101 0.147156
9 0.320437 0.399471 0.147487 0.146164
9 0.319444 0.253638 0.151455 0.147487
6 0.470238 0.252149 0.148148 0.148479
6 0.618552 0.252646 0.150463 0.147487
0 0.469246 0.397983 0.150132 0.145172
0 0.616567 0.399967 0.148479 0.141204
4 0.318948 0.547288 0.152447 0.149471
4 0.462632 0.842923 0.153439 0.149471
4 0.614583 0.843915 0.150463 0.149471
4 0.761409 0.551257 0.147156 0.145503
4 0.618552 0.106316 0.150463 0.143188
4 0.768849 0.108300 0.152116 0.143188
