4 0.336475 0.154927 0.169643 0.176257
4 0.547950 0.332341 0.181217 0.174603
4 0.716270 0.332341 0.155423 0.174603
4 0.879134 0.672619 0.158399 0.169312
4 0.719742 0.676587 0.164352 0.169312
4 0.556878 0.853340 0.171296 0.176257
10 0.510417 0.158896 0.180225 0.176257
11 0.871197 0.162533 0.164352 0.171627
8 0.875661 0.331515 0.155423 0.166336
8 0.372520 0.507771 0.181548 0.176257
12 0.192626 0.505291 0.178241 0.181217
14 0.552414 0.680060 0.178241 0.174272
13 0.382110 0.857970 0.170304 0.185516
2 0.879134 0.842427 0.158399 0.176257
0 0.721230 0.504795 0.161376 0.172288
0 0.551918 0.504299 0.177249 0.171296
