4 0.442130 0.316799 0.144180 0.145503
4 0.298942 0.751323 0.148148 0.144180
4 0.299934 0.607970 0.146164 0.146495
4 0.588459 0.602844 0.140542 0.144180
4 0.879630 0.744213 0.143519 0.146495
4 0.878968 0.599372 0.142196 0.143188
8 0.446098 0.461640 0.144180 0.144180
5 0.298942 0.464120 0.146164 0.145172
5 0.297950 0.320271 0.144180 0.148479
15 0.733796 0.458168 0.148148 0.145172
15 0.734292 0.745701 0.145172 0.147487
1 0.735780 0.602844 0.150132 0.144180
1 0.447751 0.748181 0.147487 0.146495
14 0.445106 0.604332 0.146164 0.143188
12 0.588459 0.459656 0.140542 0.142196
13 0.587467 0.315311 0.144511 0.146495
0 0.877976 0.454200 0.144180 0.147156
0 0.589451 0.747189 0.142526 0.144511
9 0.156581 0.753803 0.136574 0.143188
9 0.157573 0.610450 0.142526 0.145503
6 0.155589 0.466104 0.142526 0.147156
6 0.155093 0.321429 0.145503 0.146164
