5 0.113426 0.743717 0.150132 0.161376
5 0.109954 0.588294 0.153108 0.155423
9 0.418155 0.736276 0.146495 0.162368
9 0.265212 0.740245 0.151455 0.158399
6 0.261739 0.585813 0.150463 0.154431
6 0.256283 0.434524 0.151455 0.154101
0 0.413029 0.581349 0.148148 0.157407
0 0.409061 0.429067 0.150132 0.153108
14 0.255291 0.282738 0.153439 0.153439
13 0.408069 0.277778 0.150132 0.151455
12 0.708664 0.269676 0.148148 0.149140
15 0.719246 0.575397 0.155423 0.155423
15 0.560351 0.425595 0.152447 0.154101
1 0.563492 0.577877 0.150132 0.152447
1 0.715774 0.420966 0.154431 0.155423
8 0.862599 0.267692 0.151124 0.151124
4 0.105985 0.437169 0.149140 0.155423
4 0.104993 0.283234 0.145172 0.152447
4 0.569940 0.733300 0.157077 0.160384
4 0.871032 0.572421 0.148148 0.151455
4 0.868056 0.418981 0.148148 0.153439
4 0.559358 0.273810 0.148479 0.155423
