4 0.198909 0.759301 0.173611 0.130208
4 0.537864 0.622768 0.170966 0.138393
4 0.706515 0.624876 0.172288 0.128224
4 0.879630 0.748884 0.165344 0.128224
4 0.365575 0.241443 0.170966 0.130208
4 0.705192 0.239459 0.172288 0.130208
8 0.369048 0.370660 0.175265 0.132192
5 0.366237 0.626860 0.174934 0.132192
5 0.708664 0.752480 0.170635 0.128968
9 0.540013 0.752480 0.166667 0.128968
9 0.533069 0.496776 0.169312 0.125992
6 0.364914 0.499380 0.166997 0.129216
6 0.533730 0.242436 0.170635 0.130208
0 0.194114 0.498264 0.169312 0.126984
0 0.192626 0.245164 0.169643 0.129216
15 0.196759 0.372768 0.169312 0.125992
15 0.873347 0.621776 0.171958 0.134425
1 0.368221 0.757068 0.173611 0.132192
1 0.193948 0.626364 0.173611 0.132192
14 0.705853 0.497148 0.173611 0.129216
12 0.535880 0.372148 0.172288 0.129216
13 0.705192 0.370164 0.169643 0.127232
