7 0.210152 0.182044 0.185516 0.190146
7 0.583499 0.186673 0.188161 0.189484
7 0.205192 0.736276 0.185516 0.180225
7 0.390046 0.737765 0.182209 0.183201
7 0.756283 0.741237 0.181217 0.180225
5 0.396164 0.185185 0.184524 0.194444
5 0.768353 0.188492 0.185516 0.183201
5 0.573413 0.738261 0.180556 0.186177
4 0.759755 0.559358 0.182209 0.181548
4 0.206680 0.553406 0.184524 0.187500
6 0.576885 0.556878 0.179563 0.182540
9 0.395007 0.373016 0.182209 0.183201
10 0.764881 0.375496 0.180556 0.188161
11 0.208664 0.369378 0.184524 0.184524
11 0.392030 0.554398 0.180225 0.181548
11 0.578538 0.374504 0.180225 0.184193
