15 0.591104 0.410384 0.193452 0.198413
12 0.794478 0.210979 0.187500 0.198413
14 0.596065 0.609788 0.201389 0.198413
13 0.399636 0.809193 0.197421 0.198413
10 0.790013 0.804729 0.196429 0.195437
5 0.399140 0.609788 0.196429 0.198413
9 0.195767 0.611442 0.202381 0.201720
1 0.194279 0.411376 0.201389 0.198413
3 0.194279 0.210483 0.201389 0.199405
8 0.394676 0.209987 0.199405 0.200397
8 0.592593 0.212467 0.196429 0.201389
4 0.792493 0.409392 0.193452 0.196429
4 0.396164 0.410880 0.200397 0.197421
4 0.795470 0.606812 0.191468 0.196429
4 0.593089 0.806713 0.191468 0.197421
4 0.195271 0.812500 0.197421 0.196429
