4 0.764385 0.421131 0.205357 0.189484
4 0.764385 0.616071 0.205357 0.194444
4 0.564980 0.614418 0.195437 0.189153
4 0.188161 0.612434 0.183201 0.183201
4 0.187665 0.427083 0.182209 0.185516
3 0.373016 0.423115 0.188492 0.187500
3 0.374008 0.612930 0.190476 0.188161
8 0.564484 0.421627 0.194444 0.194444
1 0.767857 0.816468 0.206349 0.206349
10 0.762897 0.223214 0.204365 0.202381
12 0.564980 0.223214 0.189484 0.192460
13 0.188161 0.233135 0.179233 0.180556
14 0.187665 0.797784 0.182209 0.189484
2 0.374008 0.229167 0.186508 0.188492
2 0.373512 0.806382 0.187500 0.190146
2 0.566964 0.813492 0.191468 0.202381
