15 0.383102 0.273810 0.148479 0.147487
15 0.529266 0.129464 0.152447 0.147156
1 0.676587 0.130952 0.148148 0.150132
1 0.527778 0.424107 0.147487 0.147156
12 0.525298 0.710152 0.146495 0.142526
14 0.672123 0.567295 0.147156 0.149140
13 0.237765 0.706680 0.146164 0.143519
5 0.237269 0.418155 0.143188 0.141204
5 0.383102 0.565311 0.144511 0.141204
6 0.378472 0.852513 0.147156 0.144180
6 0.383102 0.420635 0.148479 0.144180
6 0.238757 0.561839 0.146164 0.146164
6 0.672123 0.861442 0.147156 0.140212
8 0.525298 0.856481 0.146495 0.148148
0 0.530423 0.275794 0.148148 0.147487
0 0.676091 0.277778 0.149140 0.147487
4 0.380456 0.126488 0.145172 0.143188
4 0.674107 0.421627 0.149140 0.144180
4 0.526786 0.567295 0.147487 0.143188
4 0.672123 0.716601 0.147156 0.149471
4 0.380456 0.708664 0.143188 0.141534
4 0.235780 0.851025 0.142196 0.141204
