4 0.282242 0.530258 0.145172 0.141204
4 0.424107 0.526786 0.140542 0.140212
4 0.285880 0.669478 0.142526 0.137235
4 0.295966 0.810351 0.140212 0.138558
4 0.430721 0.808862 0.133267 0.137566
4 0.857639 0.801257 0.141204 0.136243
8 0.854497 0.518353 0.147487 0.143188
0 0.859623 0.662037 0.141204 0.140212
6 0.715774 0.804233 0.140542 0.136243
6 0.274306 0.387070 0.141204 0.141204
5 0.418155 0.386078 0.144511 0.143188
5 0.572421 0.666005 0.144180 0.140212
7 0.704200 0.378472 0.143188 0.142526
11 0.561508 0.381448 0.140212 0.142526
10 0.572421 0.806217 0.144180 0.138228
1 0.716270 0.664517 0.143519 0.141204
9 0.140542 0.532242 0.138228 0.139220
9 0.429233 0.668981 0.144180 0.140212
15 0.146991 0.672950 0.139220 0.140212
14 0.157077 0.811839 0.141534 0.137566
12 0.709656 0.523313 0.140212 0.141204
2 0.565972 0.524306 0.145172 0.139220
