13 0.292493 0.414021 0.195437 0.189153
14 0.481151 0.601852 0.188492 0.184524
12 0.855489 0.792328 0.181217 0.174603
15 0.669147 0.604828 0.189484 0.192460
8 0.854993 0.603836 0.184193 0.190476
8 0.858631 0.411045 0.185516 0.189153
1 0.671131 0.221726 0.187500 0.189484
3 0.858631 0.221230 0.187500 0.186508
9 0.481647 0.222718 0.191468 0.195437
5 0.481647 0.414021 0.189484 0.187169
10 0.293981 0.789352 0.190476 0.190476
4 0.290344 0.222718 0.193122 0.195437
4 0.669643 0.412533 0.186508 0.184193
4 0.669147 0.789352 0.185516 0.178571
4 0.481647 0.788360 0.187500 0.186508
4 0.291336 0.601356 0.193122 0.185516
