4 0.285384 0.671131 0.159392 0.154431
4 0.744378 0.645503 0.151455 0.153439
4 0.891038 0.331349 0.154431 0.154101
4 0.428075 0.348380 0.160384 0.150463
4 0.116071 0.358962 0.157407 0.145172
3 0.735780 0.336310 0.156085 0.150132
3 0.274306 0.357970 0.157077 0.147156
1 0.127480 0.677083 0.158399 0.150463
10 0.899140 0.638558 0.154101 0.149471
8 0.582507 0.342427 0.152447 0.150463
13 0.895503 0.484623 0.155423 0.152447
2 0.741402 0.490741 0.155423 0.150132
2 0.432540 0.504795 0.157407 0.150463
2 0.279431 0.513228 0.157407 0.155423
12 0.589451 0.501653 0.154431 0.144180
14 0.123016 0.518188 0.157407 0.157407
