4 0.761905 0.799769 0.198413 0.189484
4 0.382606 0.616402 0.183201 0.181217
4 0.748181 0.422454 0.191468 0.172288
4 0.554398 0.242229 0.182209 0.174272
4 0.375000 0.252646 0.174603 0.173280
8 0.206184 0.437169 0.171627 0.179233
8 0.205026 0.619378 0.167328 0.179233
9 0.568452 0.801257 0.186508 0.192460
1 0.386078 0.801753 0.182209 0.189484
3 0.207672 0.802910 0.172619 0.183201
13 0.754464 0.608962 0.197421 0.190146
5 0.565972 0.611938 0.189484 0.186177
10 0.740741 0.237599 0.192460 0.185516
14 0.559854 0.423115 0.183201 0.181548
15 0.378968 0.432044 0.180556 0.181548
12 0.204034 0.260582 0.165344 0.163360
