4 0.143022 0.166997 0.211310 0.200397
4 0.135582 0.606481 0.218254 0.223545
4 0.353505 0.832011 0.221561 0.225529
4 0.578538 0.833995 0.226521 0.225529
4 0.805060 0.829034 0.228505 0.231481
4 0.794974 0.164517 0.216270 0.207341
1 0.134094 0.828538 0.219246 0.230489
7 0.354497 0.605985 0.223545 0.224537
10 0.578538 0.606978 0.224537 0.224537
10 0.137566 0.380952 0.220238 0.223545
10 0.356978 0.381944 0.214616 0.225529
11 0.576058 0.380456 0.217593 0.228505
11 0.577546 0.165013 0.214616 0.202381
5 0.358962 0.167493 0.214616 0.201389
0 0.798942 0.378472 0.226190 0.222553
6 0.800430 0.601521 0.225198 0.223545
