4 0.468750 0.202546 0.195437 0.193452
4 0.855655 0.376488 0.191468 0.184193
4 0.673115 0.572421 0.193452 0.181217
4 0.865575 0.753142 0.189484 0.170304
4 0.486276 0.581349 0.188161 0.181217
8 0.279762 0.209491 0.194444 0.191468
8 0.305886 0.772817 0.190476 0.185185
15 0.490741 0.769345 0.189153 0.182209
14 0.676587 0.760747 0.182540 0.183532
10 0.861607 0.569279 0.181548 0.195437
12 0.300430 0.582341 0.191468 0.181217
1 0.478175 0.394015 0.190476 0.189484
3 0.288856 0.399967 0.196098 0.183532
13 0.850033 0.184524 0.186177 0.185185
5 0.663194 0.192626 0.191468 0.187500
9 0.666667 0.386574 0.186508 0.186508
