5 0.663194 0.415509 0.181548 0.182209
9 0.848545 0.408565 0.185185 0.182209
1 0.858962 0.629960 0.182209 0.182540
3 0.871528 0.862930 0.175595 0.177579
15 0.390046 0.643519 0.174272 0.175265
14 0.379464 0.432540 0.181548 0.180556
12 0.224206 0.867063 0.161376 0.171296
8 0.394511 0.869544 0.177249 0.174272
8 0.684193 0.860450 0.179233 0.178571
13 0.651620 0.192626 0.182209 0.189484
10 0.210152 0.190642 0.183532 0.181548
4 0.385582 0.182044 0.169312 0.186177
4 0.841435 0.182540 0.187500 0.187169
4 0.200562 0.432044 0.168320 0.179563
4 0.213294 0.646991 0.167328 0.174272
4 0.671131 0.633929 0.179563 0.184524
