8 0.814484 0.374339 0.213624 0.208333
10 0.597884 0.166501 0.221561 0.211310
12 0.602017 0.376984 0.209325 0.209656
3 0.817460 0.585979 0.205688 0.208333
3 0.172619 0.599372 0.214286 0.211310
14 0.393022 0.807374 0.222553 0.208664
1 0.381118 0.166997 0.218585 0.212302
4 0.822421 0.797288 0.207672 0.206349
4 0.808862 0.162533 0.208333 0.209325
4 0.164517 0.169478 0.216601 0.213294
4 0.173611 0.382937 0.212302 0.209656
13 0.608962 0.802745 0.207341 0.209325
2 0.604993 0.590443 0.215278 0.209325
2 0.390046 0.592923 0.216601 0.210317
2 0.386574 0.378968 0.217593 0.211640
4 0.176587 0.813823 0.212302 0.211640
