6 0.420635 0.129464 0.147487 0.151124
6 0.569444 0.128968 0.146164 0.152116
9 0.717758 0.126488 0.148479 0.151124
9 0.273313 0.127976 0.143188 0.146164
0 0.574405 0.844577 0.138228 0.134259
0 0.286872 0.569775 0.144511 0.144180
15 0.290344 0.711144 0.141534 0.140542
15 0.574901 0.707176 0.143188 0.142526
1 0.432209 0.710152 0.138228 0.144511
1 0.284392 0.427083 0.145503 0.147156
14 0.428075 0.429067 0.146495 0.149140
12 0.572421 0.570271 0.142196 0.133267
13 0.716270 0.566799 0.141534 0.140212
8 0.573413 0.429563 0.144180 0.152116
5 0.570933 0.279266 0.147156 0.152447
5 0.717758 0.277778 0.148479 0.151455
4 0.294478 0.848049 0.137235 0.131283
4 0.436177 0.846561 0.142196 0.132275
4 0.429729 0.570767 0.143188 0.138228
4 0.719246 0.426091 0.147487 0.147156
4 0.277778 0.277282 0.146164 0.148479
4 0.424107 0.279762 0.142526 0.145503
