4 0.163194 0.257275 0.137235 0.140212
4 0.872520 0.387566 0.147156 0.146164
4 0.302414 0.396495 0.141204 0.138228
4 0.440642 0.536210 0.139220 0.141204
4 0.585979 0.679563 0.137566 0.143519
4 0.298942 0.679067 0.144180 0.142526
9 0.159722 0.679563 0.132275 0.143519
9 0.443618 0.255291 0.143188 0.140212
6 0.582011 0.395503 0.145503 0.144180
6 0.162698 0.395999 0.138228 0.137235
0 0.727844 0.536706 0.146164 0.144180
0 0.727844 0.682044 0.146164 0.144511
15 0.725694 0.392526 0.146495 0.146164
15 0.871032 0.538194 0.144180 0.145172
1 0.873016 0.684689 0.144180 0.143188
1 0.583003 0.537202 0.143519 0.143188
5 0.583995 0.252149 0.145503 0.146495
5 0.441634 0.395503 0.141204 0.140212
14 0.442130 0.678075 0.144180 0.142526
12 0.300926 0.536706 0.140212 0.144180
13 0.302910 0.255787 0.140212 0.143188
8 0.162698 0.535218 0.138228 0.141204
