4 0.128472 0.408565 0.144511 0.148479
4 0.279762 0.551257 0.146164 0.147487
4 0.425099 0.546792 0.144511 0.146495
4 0.570437 0.392030 0.156085 0.147156
4 0.882606 0.381944 0.155423 0.155423
4 0.581019 0.840939 0.147487 0.147487
10 0.731316 0.840939 0.153108 0.147487
11 0.289848 0.842923 0.142526 0.145503
7 0.435681 0.842923 0.149140 0.149471
5 0.578042 0.693122 0.153439 0.150132
5 0.284392 0.696098 0.145503 0.144180
0 0.882606 0.690146 0.151455 0.150132
1 0.730159 0.692130 0.157407 0.150132
12 0.726687 0.539352 0.152447 0.149471
14 0.573909 0.543320 0.155093 0.147487
2 0.273810 0.401951 0.152116 0.147156
10 0.882110 0.536872 0.156415 0.150463
6 0.727183 0.386905 0.153439 0.149471
6 0.429729 0.695602 0.143188 0.145172
15 0.135086 0.554894 0.147156 0.144180
9 0.140542 0.700562 0.146164 0.143188
9 0.420635 0.398479 0.145503 0.148148
