11 0.533399 0.252646 0.150132 0.149471
11 0.686673 0.399471 0.152447 0.146164
11 0.687665 0.549769 0.150463 0.154431
11 0.688657 0.703704 0.154431 0.153439
11 0.387070 0.396991 0.148479 0.143188
11 0.238261 0.397487 0.149140 0.138228
11 0.238261 0.544808 0.149140 0.156415
7 0.387070 0.548280 0.146495 0.155423
10 0.534392 0.547784 0.148148 0.156415
4 0.690146 0.860450 0.153439 0.160053
4 0.536376 0.398975 0.150132 0.145172
6 0.683201 0.106316 0.149471 0.143188
0 0.385582 0.254134 0.143519 0.146495
0 0.233300 0.856481 0.151124 0.154101
15 0.234788 0.704200 0.156085 0.152447
5 0.385086 0.701058 0.150463 0.150132
5 0.536872 0.703208 0.153108 0.154431
5 0.238757 0.253142 0.146164 0.146495
5 0.242229 0.108796 0.153108 0.142196
5 0.684193 0.253142 0.149471 0.150463
