5 0.394180 0.201554 0.200397 0.201389
5 0.598049 0.600364 0.199405 0.195437
5 0.399636 0.807209 0.201389 0.200397
9 0.195767 0.813988 0.202381 0.199405
6 0.798446 0.598876 0.197421 0.196429
11 0.802414 0.798280 0.195437 0.198413
11 0.194775 0.610450 0.202381 0.201720
11 0.192130 0.406415 0.203704 0.200397
10 0.189649 0.204530 0.206680 0.201389
4 0.795470 0.197090 0.193452 0.198413
4 0.800430 0.398975 0.195437 0.197421
7 0.595569 0.198578 0.202381 0.199405
7 0.598049 0.400959 0.205357 0.197421
7 0.394676 0.403935 0.205357 0.201389
7 0.398148 0.607308 0.204365 0.201389
7 0.602513 0.802745 0.198413 0.197421
