9 0.394180 0.341766 0.140212 0.139220
9 0.665179 0.756779 0.137235 0.139220
6 0.668155 0.619544 0.133267 0.141204
6 0.124669 0.478175 0.132275 0.135582
0 0.257275 0.341766 0.137566 0.141204
1 0.121858 0.341766 0.131283 0.137235
15 0.394180 0.479663 0.134259 0.138558
12 0.668651 0.479663 0.132275 0.138558
2 0.530423 0.618056 0.140212 0.136243
14 0.814484 0.337798 0.145503 0.141204
8 0.812996 0.480159 0.144511 0.143519
5 0.258763 0.480655 0.140542 0.140542
5 0.533399 0.339782 0.138228 0.141204
10 0.258267 0.615079 0.137566 0.136243
11 0.130622 0.748347 0.126323 0.134259
7 0.262401 0.751323 0.137235 0.136243
4 0.671131 0.339782 0.137235 0.141204
4 0.810847 0.621032 0.144180 0.138228
4 0.805390 0.757275 0.143188 0.136243
4 0.532903 0.481151 0.139220 0.139550
4 0.395668 0.618056 0.131283 0.138228
4 0.128142 0.615079 0.133267 0.138228
