1 0.153274 0.171131 0.223214 0.221230
4 0.380787 0.172619 0.224537 0.222222
10 0.610450 0.172784 0.232804 0.224537
4 0.828869 0.172619 0.213294 0.220238
4 0.153770 0.398479 0.217593 0.226852
7 0.378968 0.397321 0.228175 0.227183
10 0.608796 0.397817 0.231481 0.228175
5 0.831184 0.399636 0.213294 0.227183
4 0.153770 0.623181 0.220238 0.222553
10 0.373843 0.622024 0.233796 0.222222
11 0.605985 0.623181 0.225860 0.219907
11 0.828869 0.622024 0.217923 0.222222
4 0.831184 0.847222 0.219907 0.223545
0 0.607143 0.846065 0.223545 0.221230
6 0.384755 0.846561 0.227844 0.217593
4 0.159557 0.849537 0.217923 0.223545
