14 0.839120 0.137566 0.224537 0.225529
2 0.612103 0.367063 0.233466 0.233466
12 0.381118 0.367063 0.226521 0.231481
13 0.380622 0.139550 0.225529 0.223545
3 0.845073 0.366567 0.232474 0.228505
4 0.843585 0.599537 0.231481 0.233466
4 0.611111 0.138062 0.229497 0.222553
4 0.151124 0.140542 0.221561 0.223545
8 0.150132 0.369048 0.231481 0.225529
8 0.375165 0.600033 0.228505 0.234458
10 0.610119 0.600033 0.233466 0.234458
11 0.850529 0.834491 0.233466 0.236442
11 0.140708 0.600529 0.236442 0.233466
11 0.141700 0.838459 0.234458 0.236442
7 0.377149 0.836475 0.236442 0.240410
7 0.615575 0.836475 0.240410 0.240410
