11 0.613426 0.356812 0.226852 0.223545
11 0.839782 0.355159 0.221230 0.220238
11 0.837467 0.580357 0.221230 0.223545
11 0.836806 0.802579 0.222553 0.218915
11 0.612765 0.806713 0.225529 0.219907
11 0.392196 0.811343 0.217593 0.219907
0 0.612930 0.582011 0.221230 0.220238
0 0.161706 0.131614 0.226852 0.222222
0 0.389385 0.132110 0.225860 0.225860
7 0.161376 0.813492 0.223545 0.220238
5 0.387566 0.584325 0.226852 0.220238
5 0.838624 0.129960 0.223545 0.216931
5 0.613426 0.128142 0.222222 0.224537
3 0.387070 0.360284 0.225860 0.225860
4 0.161872 0.361442 0.219907 0.225529
8 0.160549 0.588955 0.229167 0.226852
