7 0.176753 0.165013 0.226521 0.204365
1 0.175761 0.378968 0.224537 0.223545
15 0.173776 0.603505 0.232474 0.227513
15 0.622024 0.598545 0.217593 0.225529
0 0.838459 0.592427 0.217262 0.221230
0 0.617560 0.375992 0.216601 0.211640
0 0.397652 0.379464 0.217262 0.218585
11 0.627976 0.825728 0.227513 0.231481
2 0.817626 0.169974 0.199405 0.202381
4 0.851025 0.817295 0.222553 0.228505
4 0.401124 0.830357 0.222222 0.244709
4 0.170139 0.837963 0.239749 0.229497
4 0.400628 0.599041 0.223214 0.230489
4 0.395668 0.165013 0.215278 0.204365
4 0.610119 0.167493 0.213624 0.209325
8 0.827546 0.378968 0.207341 0.209656
