15 0.534888 0.145999 0.129299 0.125992
1 0.425761 0.674934 0.131283 0.134259
12 0.560020 0.671958 0.135251 0.132275
14 0.553406 0.539683 0.138558 0.138228
2 0.676587 0.265708 0.136243 0.135251
9 0.680060 0.398975 0.139220 0.129299
9 0.408069 0.154101 0.126323 0.124339
6 0.417493 0.411045 0.129299 0.125000
6 0.695271 0.673942 0.139220 0.136243
0 0.429233 0.810847 0.132275 0.137566
10 0.295966 0.679233 0.130291 0.134259
11 0.284722 0.290344 0.130291 0.120370
5 0.414021 0.283399 0.132275 0.132275
7 0.288360 0.421131 0.125000 0.125331
5 0.421131 0.541171 0.127976 0.129299
8 0.564484 0.810351 0.142196 0.138558
4 0.703704 0.811839 0.146164 0.139550
4 0.689153 0.532738 0.139550 0.138228
4 0.547784 0.405919 0.133267 0.123347
4 0.541336 0.276620 0.132275 0.125331
4 0.668155 0.132937 0.137235 0.122354
4 0.291336 0.548280 0.126984 0.125000
