5 0.731316 0.518188 0.149140 0.145503
5 0.440146 0.670139 0.148148 0.150463
7 0.724206 0.230655 0.147487 0.143188
11 0.864087 0.231151 0.138228 0.140212
10 0.729828 0.372851 0.152116 0.145172
6 0.875000 0.514716 0.138228 0.142526
6 0.290344 0.373512 0.147487 0.146495
9 0.295966 0.226687 0.144180 0.143188
9 0.588955 0.666501 0.149471 0.149140
0 0.735284 0.663525 0.147156 0.149140
1 0.878472 0.661045 0.143188 0.146164
15 0.584987 0.517361 0.145503 0.141204
2 0.440146 0.374008 0.150132 0.145503
12 0.293816 0.521825 0.148479 0.148148
14 0.137566 0.674107 0.158069 0.152447
8 0.141038 0.523313 0.153108 0.149140
4 0.870536 0.371362 0.139220 0.142196
4 0.585483 0.372851 0.142526 0.143188
4 0.439153 0.519345 0.144180 0.143188
4 0.291336 0.670635 0.149471 0.149471
4 0.141038 0.375496 0.151124 0.148479
4 0.146495 0.227183 0.148148 0.144180
