4 0.406085 0.281746 0.184524 0.189153
4 0.781250 0.269180 0.197421 0.194444
4 0.599041 0.650463 0.181548 0.183201
4 0.233796 0.655093 0.180556 0.178571
4 0.223214 0.473214 0.179233 0.183201
15 0.415675 0.651455 0.179233 0.183201
1 0.782903 0.646495 0.182209 0.183201
3 0.789848 0.826885 0.178241 0.177579
12 0.238757 0.833003 0.174603 0.173280
14 0.407573 0.469081 0.189484 0.181548
13 0.589947 0.276290 0.183201 0.186177
9 0.783399 0.461144 0.191138 0.185516
5 0.593419 0.467097 0.184193 0.183532
10 0.218585 0.288360 0.190476 0.186508
8 0.601521 0.830357 0.182540 0.178571
8 0.417659 0.830522 0.183201 0.172288
