11 0.509755 0.136409 0.181548 0.175595
11 0.698247 0.491733 0.175595 0.176587
11 0.351025 0.861938 0.184193 0.175595
6 0.531911 0.855985 0.177579 0.175595
9 0.870040 0.310351 0.176587 0.174272
4 0.878638 0.663525 0.173280 0.177579
4 0.159061 0.507275 0.189153 0.183201
10 0.154101 0.321759 0.191138 0.179233
5 0.336971 0.318783 0.174603 0.179233
5 0.694610 0.314815 0.178241 0.171296
5 0.525794 0.677579 0.181217 0.175265
7 0.704200 0.671131 0.173611 0.174272
7 0.347057 0.681052 0.176257 0.178241
7 0.340939 0.499339 0.178571 0.171296
7 0.522817 0.497685 0.181217 0.172619
7 0.514881 0.315807 0.181217 0.179233
