1 0.805886 0.214120 0.204365 0.200728
3 0.618386 0.623016 0.196429 0.194444
3 0.424769 0.628968 0.197421 0.190476
12 0.215608 0.438492 0.188492 0.192460
10 0.213128 0.244048 0.205357 0.196429
14 0.817295 0.812335 0.197421 0.190146
2 0.224702 0.634425 0.194114 0.187500
2 0.816303 0.618552 0.197421 0.191468
2 0.811839 0.419147 0.206349 0.197421
8 0.413029 0.433532 0.200397 0.190476
13 0.235284 0.826389 0.193452 0.186508
4 0.410549 0.234127 0.189484 0.198413
4 0.603505 0.225694 0.200397 0.199405
4 0.612930 0.428571 0.199405 0.196429
4 0.621032 0.817956 0.195106 0.187500
4 0.427249 0.822917 0.192460 0.189484
