11 0.517857 0.393519 0.173280 0.180556
11 0.692626 0.573413 0.178241 0.181217
11 0.336971 0.561343 0.174603 0.179563
9 0.510913 0.571263 0.167328 0.185516
6 0.338955 0.385913 0.174603 0.181217
10 0.156085 0.559854 0.179233 0.180556
4 0.697255 0.394015 0.177579 0.177579
4 0.160549 0.383929 0.174272 0.175265
5 0.153108 0.736772 0.171296 0.169312
5 0.505787 0.747189 0.171627 0.180225
5 0.344907 0.208168 0.178571 0.180225
7 0.166005 0.205522 0.173280 0.181548
7 0.330853 0.742229 0.176257 0.180225
7 0.686673 0.751157 0.176257 0.180225
7 0.523313 0.209656 0.174272 0.183201
7 0.702216 0.214616 0.173611 0.177249
