5 0.264220 0.718089 0.149471 0.150463
5 0.411541 0.717097 0.147156 0.148479
9 0.264385 0.867394 0.145172 0.148148
6 0.411541 0.869048 0.147156 0.147487
6 0.561343 0.871032 0.150463 0.153439
9 0.710648 0.876488 0.148148 0.148479
8 0.409557 0.567295 0.145172 0.151124
14 0.557374 0.567791 0.148479 0.150132
1 0.706680 0.569940 0.146164 0.152447
1 0.553406 0.273810 0.144511 0.151455
15 0.702216 0.272321 0.147156 0.152447
15 0.409061 0.276786 0.144180 0.147487
0 0.703208 0.420139 0.147156 0.143188
0 0.409061 0.133929 0.144180 0.142196
13 0.265873 0.424107 0.146164 0.145172
12 0.410549 0.423115 0.143188 0.141204
4 0.558862 0.719742 0.151455 0.149140
4 0.710813 0.725694 0.152447 0.155093
4 0.263724 0.569279 0.150463 0.147156
4 0.554398 0.420139 0.148479 0.145172
4 0.553406 0.127480 0.146495 0.145172
4 0.701224 0.125992 0.147156 0.144180
