8 0.473214 0.200066 0.142196 0.138228
12 0.472222 0.339286 0.140212 0.142196
13 0.747189 0.346892 0.139220 0.137566
14 0.331019 0.482639 0.140212 0.146495
5 0.606978 0.486276 0.139220 0.141204
5 0.744213 0.624504 0.139220 0.139220
6 0.613922 0.204034 0.143188 0.138228
6 0.605985 0.622024 0.139220 0.134259
0 0.325397 0.757275 0.143519 0.138228
0 0.465774 0.756779 0.141204 0.139220
9 0.745701 0.488261 0.140212 0.139220
9 0.332507 0.194114 0.143188 0.136243
1 0.468254 0.615906 0.140212 0.142526
1 0.323413 0.894511 0.143519 0.140212
15 0.463790 0.895007 0.145172 0.137235
15 0.604497 0.761243 0.138228 0.140212
4 0.605489 0.898479 0.138228 0.134259
4 0.327381 0.616567 0.143519 0.139220
4 0.469742 0.480655 0.139220 0.136574
4 0.330026 0.335813 0.142196 0.145172
4 0.611442 0.345403 0.142196 0.138558
4 0.753307 0.211144 0.139550 0.142526
