14 0.550430 0.439649 0.148479 0.150463
2 0.401620 0.445106 0.147156 0.151455
12 0.394511 0.295304 0.155423 0.142196
15 0.545470 0.287698 0.152447 0.151455
6 0.695602 0.281250 0.152447 0.152447
6 0.576885 0.875992 0.147156 0.145503
9 0.704696 0.579861 0.152116 0.142526
9 0.845073 0.376984 0.148479 0.147487
0 0.716270 0.724702 0.147487 0.145172
5 0.568948 0.731151 0.153108 0.148148
5 0.841435 0.229167 0.147156 0.146164
7 0.419147 0.738261 0.152447 0.144511
11 0.430060 0.889054 0.150463 0.143188
1 0.723214 0.870866 0.143519 0.141204
8 0.387566 0.140046 0.161376 0.154431
4 0.859623 0.674107 0.141204 0.142526
4 0.540344 0.133929 0.154101 0.154101
4 0.688657 0.128472 0.152447 0.153108
4 0.700231 0.430556 0.153108 0.150132
4 0.559358 0.586475 0.152447 0.141204
4 0.411210 0.592427 0.154431 0.141204
10 0.853009 0.527282 0.146495 0.151124
