4 0.829034 0.372851 0.204365 0.193452
4 0.832507 0.571263 0.203373 0.193452
4 0.424603 0.384094 0.207672 0.195437
4 0.216601 0.386574 0.210317 0.198413
4 0.223214 0.587467 0.209656 0.197421
3 0.626653 0.377315 0.204365 0.200397
3 0.630622 0.576389 0.204365 0.193122
8 0.429729 0.582507 0.205357 0.197421
10 0.230324 0.790840 0.205357 0.205357
12 0.437665 0.784888 0.209325 0.199405
14 0.824570 0.168485 0.205357 0.203373
2 0.621528 0.172950 0.204696 0.206349
2 0.416005 0.175430 0.206349 0.205357
2 0.637566 0.782903 0.204365 0.201389
13 0.836475 0.773148 0.199405 0.192460
1 0.208168 0.179067 0.213294 0.206680
