11 0.393684 0.419147 0.195437 0.201389
11 0.598545 0.616071 0.202381 0.198413
11 0.405093 0.822917 0.202381 0.199405
4 0.602513 0.815972 0.192460 0.201389
4 0.586475 0.209987 0.200728 0.204365
6 0.594081 0.413029 0.205357 0.199735
9 0.396164 0.623016 0.206349 0.200397
5 0.194279 0.625496 0.205357 0.201389
5 0.793485 0.408399 0.197421 0.198413
5 0.182540 0.218254 0.206349 0.200397
10 0.387070 0.215112 0.206680 0.202712
7 0.192130 0.421627 0.207672 0.202381
7 0.202712 0.826885 0.208333 0.197421
7 0.803406 0.807705 0.199405 0.197421
7 0.800430 0.609788 0.201389 0.198413
7 0.791005 0.205522 0.204365 0.197421
