6 0.657573 0.253638 0.146495 0.147487
6 0.241237 0.713624 0.139220 0.145503
0 0.388558 0.859458 0.145503 0.146164
9 0.370536 0.423115 0.143188 0.147156
9 0.504795 0.121032 0.143188 0.136243
15 0.361607 0.130952 0.143188 0.138228
1 0.383102 0.712632 0.146495 0.149471
12 0.528770 0.706680 0.149471 0.145503
2 0.521329 0.560351 0.152447 0.147156
14 0.220073 0.146991 0.135251 0.140542
5 0.662698 0.400959 0.150132 0.147156
5 0.378472 0.565311 0.143188 0.143188
7 0.677249 0.699074 0.151455 0.150132
11 0.671627 0.548776 0.152116 0.146495
10 0.236276 0.566799 0.141204 0.142196
8 0.534392 0.853505 0.148148 0.148148
4 0.509755 0.266204 0.147156 0.148148
4 0.515377 0.412533 0.144511 0.140542
4 0.366071 0.273644 0.140212 0.143188
4 0.226190 0.287368 0.139550 0.136243
4 0.228671 0.424107 0.146495 0.139220
4 0.246693 0.857970 0.136243 0.141204
