15 0.429729 0.614418 0.219246 0.217593
15 0.427083 0.165509 0.222553 0.229167
1 0.646660 0.168651 0.216601 0.235450
7 0.861111 0.177083 0.212302 0.218585
2 0.850033 0.807870 0.194114 0.203704
8 0.650132 0.815807 0.205688 0.219577
0 0.433697 0.827381 0.215278 0.212302
0 0.648644 0.605489 0.212632 0.213624
0 0.647652 0.390542 0.214616 0.216270
11 0.206184 0.617890 0.221230 0.230489
4 0.210813 0.832837 0.230489 0.213294
4 0.853671 0.600364 0.205357 0.207341
4 0.857143 0.393519 0.198413 0.206349
4 0.430721 0.393022 0.219246 0.219246
4 0.201224 0.389385 0.239749 0.226521
4 0.197090 0.157903 0.231481 0.236442
