4 0.527282 0.707176 0.148479 0.150463
4 0.238261 0.856978 0.135251 0.145172
4 0.232308 0.568287 0.139220 0.141204
4 0.509259 0.272156 0.148148 0.140212
4 0.221065 0.142361 0.135251 0.137235
10 0.504299 0.127480 0.146164 0.147156
3 0.226190 0.282738 0.141534 0.139550
3 0.237765 0.711640 0.138228 0.143519
8 0.228671 0.424603 0.144511 0.144180
12 0.373016 0.421131 0.138228 0.141204
14 0.381118 0.857970 0.148479 0.147156
1 0.530258 0.857474 0.152447 0.152116
13 0.365079 0.134425 0.136243 0.139220
2 0.367560 0.278770 0.137235 0.141534
2 0.374504 0.564815 0.147156 0.138228
2 0.381448 0.712136 0.143188 0.146495
