4 0.693783 0.228671 0.144180 0.149140
4 0.440642 0.381448 0.159061 0.152447
4 0.122520 0.382440 0.154431 0.156415
4 0.119048 0.537864 0.157407 0.156415
4 0.593419 0.532738 0.150463 0.152116
4 0.595403 0.687996 0.154431 0.158399
5 0.741237 0.528274 0.153108 0.149140
5 0.233135 0.228175 0.153439 0.154101
6 0.282407 0.380952 0.161376 0.155423
6 0.891038 0.524306 0.148479 0.149140
9 0.591931 0.378472 0.145503 0.150463
9 0.387566 0.227679 0.157407 0.151124
0 0.739253 0.376488 0.153108 0.146495
1 0.886078 0.375992 0.146495 0.145503
7 0.748347 0.682540 0.157407 0.155423
11 0.898644 0.677083 0.147156 0.152447
15 0.280423 0.537368 0.159392 0.157407
8 0.121032 0.699239 0.165344 0.156415
12 0.281415 0.695602 0.155423 0.157077
2 0.438657 0.691634 0.159061 0.155093
14 0.440642 0.534888 0.159061 0.154431
