4 0.083995 0.713128 0.121032 0.118056
4 0.073909 0.475198 0.123347 0.123016
4 0.194279 0.347884 0.123347 0.123016
4 0.321925 0.589451 0.118056 0.119378
4 0.322917 0.708664 0.116071 0.119048
4 0.441138 0.588459 0.122354 0.117394
4 0.920139 0.585483 0.120040 0.119378
4 0.921131 0.705192 0.118056 0.120040
10 0.801918 0.706184 0.120370 0.118056
0 0.677249 0.711640 0.119048 0.121032
0 0.561012 0.711640 0.113426 0.121032
14 0.440642 0.708664 0.121362 0.123016
2 0.205192 0.711144 0.115410 0.114087
8 0.079861 0.595403 0.125331 0.117394
8 0.564484 0.590443 0.122354 0.119378
15 0.804398 0.463128 0.121362 0.119378
0 0.922288 0.464120 0.120370 0.121362
11 0.925761 0.336310 0.123347 0.124339
11 0.807870 0.337798 0.118386 0.125331
11 0.439649 0.469081 0.123347 0.123347
11 0.319444 0.468585 0.117063 0.124339
11 0.201720 0.595403 0.120370 0.123347
11 0.319444 0.346892 0.117063 0.123016
11 0.073909 0.347388 0.119378 0.122024
13 0.199239 0.471561 0.121362 0.122354
12 0.682209 0.589451 0.111111 0.115410
5 0.565476 0.468585 0.122354 0.126323
5 0.684193 0.467593 0.121032 0.128307
5 0.685847 0.340278 0.128307 0.124339
5 0.566468 0.344907 0.118386 0.126984
7 0.440146 0.346892 0.122354 0.125000
6 0.802910 0.587467 0.116402 0.121362
