7 0.313492 0.359292 0.163360 0.158399
7 0.635417 0.356812 0.164352 0.163360
7 0.637235 0.518684 0.165344 0.158399
7 0.476356 0.518188 0.162368 0.155423
7 0.482308 0.677083 0.158399 0.158399
10 0.799769 0.677083 0.168320 0.158399
11 0.483300 0.834491 0.154431 0.152447
11 0.318452 0.520172 0.157407 0.153439
11 0.634921 0.191468 0.167328 0.163360
6 0.469081 0.192460 0.166336 0.169312
9 0.171627 0.677579 0.156085 0.159392
4 0.156085 0.365079 0.153439 0.163360
4 0.801918 0.516204 0.160053 0.159392
5 0.327381 0.677083 0.155423 0.156415
5 0.637566 0.677083 0.156085 0.156415
5 0.473710 0.358300 0.159061 0.160384
