7 0.191634 0.390873 0.170304 0.175265
7 0.364914 0.389881 0.176257 0.175265
7 0.366071 0.568783 0.178571 0.180556
7 0.543816 0.568783 0.179563 0.182540
7 0.722718 0.384921 0.184193 0.177249
5 0.726356 0.566799 0.185516 0.178571
5 0.540840 0.388393 0.177579 0.172288
5 0.192626 0.564815 0.170304 0.172619
6 0.538360 0.211144 0.178571 0.178241
9 0.727844 0.749835 0.186508 0.187500
4 0.190642 0.217097 0.168320 0.170304
4 0.362434 0.211144 0.169312 0.174272
10 0.192626 0.742229 0.170304 0.182209
11 0.365410 0.748181 0.177249 0.176257
11 0.544808 0.751157 0.181548 0.178241
11 0.721230 0.204696 0.183201 0.177249
