11 0.838624 0.810351 0.223545 0.220569
11 0.621528 0.818783 0.224537 0.223545
10 0.367560 0.144511 0.237765 0.217593
9 0.812004 0.144015 0.214616 0.208664
0 0.137070 0.144015 0.223214 0.220569
6 0.151124 0.603009 0.233466 0.228505
5 0.382606 0.596396 0.229497 0.241733
5 0.820437 0.361442 0.215608 0.218254
2 0.388558 0.827877 0.233466 0.227183
3 0.150132 0.840939 0.237434 0.235450
3 0.146660 0.372520 0.222553 0.232474
8 0.379134 0.364914 0.236442 0.221230
4 0.596561 0.146495 0.216270 0.217593
4 0.602017 0.365410 0.227183 0.220238
4 0.608962 0.592262 0.213294 0.233466
4 0.827381 0.583829 0.223545 0.226521
