7 0.368882 0.473710 0.168320 0.170304
7 0.539021 0.473214 0.167328 0.171296
7 0.718254 0.297288 0.171296 0.174603
7 0.535880 0.646495 0.169643 0.177249
7 0.710813 0.648479 0.176257 0.169312
11 0.541997 0.298776 0.169312 0.175595
11 0.200066 0.469742 0.159392 0.172288
11 0.889054 0.652447 0.172288 0.175265
10 0.363922 0.811839 0.162368 0.175265
4 0.534722 0.817791 0.169312 0.169312
4 0.719246 0.118386 0.175265 0.169312
6 0.896660 0.475694 0.177579 0.174272
9 0.373512 0.127315 0.169643 0.173280
5 0.371362 0.301257 0.165344 0.174603
5 0.366898 0.641038 0.168320 0.164352
5 0.717262 0.474702 0.179233 0.172288
