10 0.597553 0.359292 0.214286 0.230489
3 0.381118 0.133929 0.214616 0.222222
4 0.600529 0.138393 0.226190 0.213294
4 0.155589 0.349868 0.216601 0.217593
4 0.150132 0.790840 0.219577 0.223214
8 0.369544 0.796296 0.219246 0.212302
8 0.591931 0.581845 0.225529 0.216601
7 0.815972 0.587302 0.222553 0.227513
7 0.819940 0.358796 0.220569 0.229497
11 0.822917 0.136409 0.226521 0.215278
11 0.812996 0.810847 0.222553 0.219577
11 0.590939 0.806878 0.221561 0.211640
12 0.373016 0.575397 0.214286 0.229497
13 0.154597 0.569444 0.216601 0.221561
14 0.159061 0.131944 0.219577 0.218254
2 0.376653 0.354828 0.223545 0.221561
