4 0.125992 0.273644 0.139550 0.139220
4 0.125000 0.413029 0.137566 0.137566
4 0.404101 0.413525 0.136243 0.138558
4 0.690642 0.271164 0.150463 0.144180
4 0.688657 0.411541 0.148479 0.142526
4 0.544808 0.693618 0.139220 0.141204
8 0.544312 0.552910 0.142196 0.140212
5 0.685185 0.693618 0.143519 0.141204
5 0.686177 0.552414 0.145503 0.139220
14 0.545304 0.413525 0.146164 0.142526
12 0.405093 0.552414 0.138228 0.139220
13 0.404597 0.692130 0.139220 0.138228
0 0.125992 0.552414 0.137566 0.139220
0 0.404597 0.273644 0.137235 0.139220
9 0.832507 0.270668 0.137235 0.141204
9 0.825562 0.693122 0.143188 0.140212
6 0.827546 0.551918 0.139220 0.140212
6 0.830522 0.412037 0.137235 0.139550
15 0.264881 0.272652 0.144180 0.139220
1 0.265873 0.414021 0.144180 0.139550
1 0.545304 0.272652 0.142196 0.143188
15 0.265873 0.551918 0.142196 0.138228
