7 0.206184 0.269180 0.185516 0.186508
7 0.213624 0.453538 0.186508 0.174272
7 0.223710 0.810351 0.178241 0.172288
7 0.761243 0.628472 0.179233 0.181548
7 0.758267 0.260251 0.181217 0.184524
5 0.220238 0.634094 0.179233 0.176257
5 0.763228 0.804894 0.173280 0.175265
5 0.761409 0.445602 0.183532 0.182209
4 0.391534 0.266204 0.177249 0.182540
4 0.403604 0.809358 0.175595 0.176257
10 0.583995 0.807870 0.185185 0.175265
11 0.578373 0.627976 0.182540 0.178571
11 0.397487 0.451058 0.175265 0.179233
11 0.571925 0.263228 0.185516 0.182540
9 0.578373 0.449074 0.184524 0.179233
6 0.401620 0.631448 0.175595 0.177579
