11 0.121528 0.151455 0.164352 0.167328
0 0.464120 0.311839 0.172288 0.165344
0 0.464120 0.482143 0.172288 0.175265
10 0.122520 0.519180 0.164352 0.177249
8 0.461144 0.661541 0.170304 0.183532
14 0.637235 0.484127 0.171296 0.179233
2 0.808532 0.146991 0.179233 0.168320
12 0.460648 0.836475 0.171296 0.170304
13 0.809524 0.653935 0.175265 0.168320
4 0.811012 0.481647 0.172288 0.176257
4 0.637070 0.312335 0.175595 0.162368
4 0.634094 0.145007 0.171627 0.168320
4 0.294312 0.313327 0.167328 0.170304
4 0.292328 0.486111 0.175265 0.175265
4 0.120040 0.690972 0.171296 0.164352
8 0.289352 0.149471 0.171296 0.169312
