4 0.571429 0.384094 0.202381 0.197421
4 0.761409 0.182044 0.193452 0.192130
4 0.579365 0.583995 0.206349 0.196429
4 0.166667 0.597388 0.210317 0.205357
4 0.363591 0.185185 0.205357 0.198413
10 0.564980 0.182705 0.205357 0.197421
5 0.163194 0.392030 0.209325 0.201389
9 0.371528 0.387566 0.207341 0.200397
15 0.779762 0.577877 0.198413 0.194114
3 0.379464 0.796792 0.205357 0.203373
12 0.577877 0.788360 0.189484 0.200397
14 0.770833 0.378968 0.200397 0.195106
1 0.375496 0.589451 0.209325 0.199405
13 0.155589 0.187169 0.204696 0.200397
8 0.168651 0.804233 0.210317 0.202381
8 0.780258 0.781415 0.199405 0.200397
