4 0.406581 0.242725 0.155093 0.155423
4 0.572421 0.551753 0.156085 0.154431
4 0.727679 0.546792 0.158399 0.156415
4 0.890542 0.696594 0.157407 0.159061
4 0.419643 0.719577 0.165344 0.159392
4 0.096396 0.731316 0.160384 0.160384
8 0.095899 0.568452 0.161376 0.157407
12 0.256283 0.566468 0.157407 0.157407
14 0.416667 0.557870 0.163360 0.156085
2 0.732143 0.704200 0.161376 0.154431
15 0.883598 0.541336 0.153439 0.153439
9 0.876157 0.386409 0.150463 0.152447
9 0.575397 0.711640 0.150132 0.157407
6 0.255291 0.726190 0.155423 0.158069
6 0.568452 0.396495 0.158069 0.154101
0 0.093419 0.409557 0.160384 0.156415
1 0.253307 0.405589 0.159392 0.156415
11 0.719742 0.235119 0.152447 0.152116
10 0.248843 0.246693 0.160384 0.155423
7 0.564319 0.239253 0.158399 0.154431
5 0.724206 0.390542 0.157407 0.152116
5 0.410714 0.400463 0.159392 0.152116
