3 0.584987 0.301257 0.183201 0.188492
1 0.595569 0.489253 0.186508 0.181548
15 0.225198 0.512235 0.183201 0.181217
12 0.403604 0.314815 0.175595 0.185185
8 0.778274 0.289848 0.191468 0.195437
13 0.801422 0.847388 0.173611 0.178241
10 0.431713 0.862434 0.181548 0.178571
8 0.217758 0.322917 0.186177 0.183532
5 0.792989 0.664517 0.184524 0.181548
9 0.605489 0.672619 0.186508 0.181217
14 0.242725 0.692626 0.184524 0.175595
4 0.786376 0.479663 0.185185 0.182209
4 0.412533 0.502149 0.183532 0.179563
4 0.423611 0.682044 0.183201 0.176257
4 0.618552 0.855985 0.186177 0.181548
4 0.253307 0.870040 0.175265 0.175265
