4 0.650132 0.612930 0.217593 0.212632
11 0.863095 0.825397 0.208333 0.212302
10 0.650628 0.828869 0.214616 0.215278
11 0.206845 0.619874 0.226521 0.226521
3 0.432209 0.835979 0.222222 0.217593
3 0.430225 0.617394 0.218254 0.219577
7 0.863095 0.615906 0.212302 0.214616
9 0.649140 0.393849 0.215608 0.227513
0 0.206349 0.387897 0.227513 0.233466
0 0.205688 0.164517 0.226190 0.213294
5 0.206845 0.843915 0.226521 0.217593
5 0.863095 0.398479 0.208333 0.214286
5 0.864583 0.183036 0.205357 0.216601
5 0.651124 0.173942 0.217593 0.210317
5 0.432705 0.170470 0.221230 0.213294
5 0.431217 0.389881 0.218254 0.225529
