4 0.419147 0.244709 0.162368 0.165344
4 0.116071 0.404101 0.155423 0.155423
4 0.121528 0.557374 0.156415 0.151124
4 0.429067 0.702050 0.148479 0.146164
4 0.881614 0.701058 0.151455 0.146164
4 0.888558 0.550265 0.157407 0.149471
15 0.269841 0.404597 0.152116 0.154431
15 0.429067 0.553737 0.150463 0.150463
1 0.275794 0.557374 0.152116 0.149140
1 0.425595 0.402612 0.153439 0.156415
8 0.128968 0.704200 0.149471 0.146495
12 0.282903 0.703042 0.148479 0.146164
13 0.579034 0.701058 0.149471 0.144180
14 0.730159 0.700066 0.157407 0.146164
6 0.732804 0.550265 0.154101 0.149471
6 0.734788 0.397983 0.160053 0.159061
0 0.580522 0.553241 0.154431 0.153439
0 0.580026 0.402116 0.155423 0.159392
9 0.578538 0.243221 0.154431 0.164352
9 0.736276 0.240245 0.163029 0.162368
5 0.894015 0.238757 0.156415 0.159392
5 0.891534 0.396991 0.157407 0.157077
