13 0.681713 0.670263 0.172288 0.132192
14 0.501984 0.670263 0.170635 0.132192
12 0.675595 0.540675 0.170635 0.126984
8 0.672784 0.409846 0.176257 0.132192
15 0.669478 0.278150 0.174934 0.135169
1 0.317956 0.282366 0.174934 0.131200
1 0.149967 0.418155 0.169643 0.132440
15 0.338790 0.802083 0.174934 0.128968
5 0.161045 0.676463 0.169312 0.128224
5 0.320767 0.415179 0.169312 0.136409
9 0.154762 0.547867 0.162698 0.131448
9 0.500000 0.541047 0.166667 0.130208
6 0.495701 0.410342 0.166667 0.131200
6 0.850033 0.539062 0.172288 0.134177
0 0.493056 0.279266 0.171958 0.137401
0 0.841104 0.274554 0.173611 0.136409
8 0.671462 0.409846 0.173611 0.132192
4 0.166501 0.804688 0.166997 0.128224
4 0.331845 0.672371 0.166997 0.134425
4 0.327712 0.544147 0.175265 0.136409
4 0.855489 0.669271 0.177910 0.130208
4 0.847222 0.409474 0.177910 0.135417
4 0.142361 0.286830 0.176257 0.130208
