2 0.558366 0.608962 0.164352 0.160384
2 0.557374 0.849372 0.168320 0.164352
2 0.314980 0.605489 0.160384 0.163360
12 0.330357 0.833995 0.155423 0.159392
14 0.575562 0.375000 0.164352 0.163360
13 0.315972 0.381944 0.164352 0.159392
3 0.724702 0.604993 0.162368 0.158399
3 0.152612 0.604001 0.158399 0.164352
8 0.166501 0.836475 0.160384 0.158399
4 0.721230 0.847388 0.159392 0.160384
4 0.741898 0.375992 0.164352 0.167328
4 0.150132 0.386409 0.163360 0.162368
4 0.750331 0.125331 0.167328 0.171296
4 0.145503 0.147983 0.154101 0.164352
10 0.309028 0.144511 0.170304 0.165344
1 0.582011 0.132937 0.167328 0.168651
