7 0.461640 0.408069 0.183201 0.185185
7 0.645172 0.408069 0.181217 0.187169
7 0.824405 0.592923 0.179233 0.182540
7 0.641534 0.594907 0.180556 0.184524
7 0.277282 0.592427 0.185516 0.183532
5 0.275298 0.405919 0.189484 0.187500
5 0.828042 0.412533 0.180556 0.178241
5 0.459656 0.593419 0.181217 0.185516
6 0.461144 0.773313 0.176257 0.174272
4 0.640542 0.774802 0.178571 0.175265
4 0.820933 0.774306 0.174272 0.176257
10 0.832011 0.225694 0.180556 0.195437
9 0.271825 0.217097 0.188492 0.192130
11 0.458168 0.219742 0.186177 0.193452
11 0.647156 0.221230 0.181217 0.190476
11 0.276290 0.772817 0.187500 0.177249
