4 0.339451 0.110946 0.113426 0.118056
4 0.561508 0.096396 0.116402 0.125331
4 0.680721 0.204530 0.125992 0.119378
4 0.455192 0.331349 0.112103 0.110450
4 0.343585 0.333829 0.111111 0.115410
4 0.456184 0.443618 0.112103 0.114087
4 0.353009 0.901620 0.112103 0.114087
4 0.467262 0.901620 0.116402 0.114087
0 0.583499 0.906581 0.116071 0.124008
0 0.348049 0.666501 0.110119 0.115410
0 0.346065 0.555225 0.106151 0.107143
8 0.455192 0.559358 0.112103 0.113426
5 0.575893 0.674603 0.117394 0.115079
5 0.569940 0.558366 0.123347 0.117394
5 0.693783 0.564319 0.122354 0.123347
5 0.698247 0.679067 0.113426 0.122024
15 0.580522 0.788360 0.120040 0.116402
10 0.353009 0.785880 0.112103 0.117394
6 0.461640 0.789352 0.111111 0.116402
11 0.701224 0.796296 0.121362 0.116402
11 0.706680 0.914021 0.120370 0.119048
12 0.456680 0.672619 0.111111 0.115079
14 0.346561 0.444610 0.111111 0.116071
7 0.688657 0.437500 0.120040 0.118386
11 0.569940 0.439649 0.113426 0.118056
11 0.567460 0.325397 0.114418 0.116402
11 0.686177 0.320437 0.121032 0.122354
11 0.448743 0.219577 0.107143 0.117063
11 0.680225 0.087302 0.119048 0.121032
8 0.449239 0.104828 0.104167 0.120370
2 0.342097 0.223214 0.106151 0.116402
13 0.563492 0.212136 0.112434 0.122024
