4 0.435185 0.106316 0.136243 0.133267
4 0.425761 0.388558 0.135251 0.138228
4 0.562996 0.533730 0.139220 0.148148
4 0.704200 0.680556 0.147156 0.143519
4 0.412037 0.810351 0.142196 0.144511
4 0.273313 0.802414 0.137235 0.148479
8 0.555390 0.816799 0.144511 0.155423
14 0.699735 0.826885 0.142196 0.149140
12 0.559524 0.673611 0.138228 0.141534
2 0.423280 0.529762 0.134259 0.144180
6 0.418485 0.669974 0.135251 0.142196
9 0.278274 0.660549 0.133267 0.139220
11 0.296462 0.107804 0.137235 0.134259
7 0.291005 0.246693 0.132275 0.143519
5 0.571429 0.248677 0.138228 0.145503
5 0.706184 0.539187 0.143188 0.143188
15 0.566964 0.392030 0.135251 0.143188
10 0.431217 0.247685 0.138228 0.149471
6 0.576885 0.107308 0.137235 0.137235
1 0.719742 0.108796 0.140542 0.144180
0 0.715278 0.251157 0.141534 0.142526
9 0.710648 0.395007 0.142196 0.145172
